111676197
16504382
13050141
9807228
9853162
5747711
11475541
14417587
16831179
11014519
9357066
9427981
13718088
7672228
5902135
6422991
7276724
8298954
6189686
4954344
7830998
9511098
8127718
3785317
5123302
5105978
7549635
5288337
9084435
9249226
7155337
19940205
6202282
7201540
10902032
5595229
6300680
11331540
4699549
3017467
3017059
2969447
2671576
3583560
2836150
10088981
5139947
3449234
2987663
230837
3151225
7040386
7235806
7679904
2875050
3081991
10351724
3479951
4842106
4122446
2853543
5643599
5666480
2355526
2461464
4690884
4632012
2873049
2328503
3080092
3403979
3179132
2925624
3770952
5036783
6059811
6090372
2834421
4721732
6817243
609895
909702
1230559
683970
880484
911089
1068978
841770
808532
485861
969139
533705
887931
932538
753745
993883
707954
475954
1123586
757889
1080844
828214
878734
857279
1000084
655444
830157
802816
896255
473295
699924
888594
715829
840604
605863
401405
1202507
1056160
582012
485452
834223
582741
902737
1590195
476598
831975
924012
698774
735072
859513
815264
456459
967165
1140381
752576
1340343
421422
184535
481032
1221834
933373
639203
953588
959820
614518
942130
1111180
623069
1081668
797800
622834
681349
695301
759006
1443048
1110673
635717
792078
688762
581533
822051
852108
664087
806924
633012
1000775
938370
1485927
640450
418011
1008736
1215802
494286
561382
821461
824458
782402
913545
1172579
1584658
817394
810933
1142804
768461
1149338
1039508
1236697
581925
700963
815000
891178
639533
755285
853957
955128
1061960
673185
807250
1106098
656639
942209
816192
836391
947782
878569
775798
1097844
605185
664106
1460362
502854
747117
897248
1238282
806470
906250
979914
1021952
928143
527021
230753
969002
677672
690275
848988
548409
1252574
583916
954754
1250305
827328
876211
1154014
746696
746567
588358
1296426
694297
1194200
811222
1013873
1426364
1282867
655862
791104
1253892
664990
995087
396822
554241
939056
1276043
801363
507370
399024
501974
1278954
623544
913765
983584
708219
495894
701178
776573
1070402
1181835
999862
750060
1019339
263969
685050
762135
593069
581795
1389704
1387619
1221386
847366
545477
735865
1149110
1312851
375540
782734
1103920
845928
741140
1045938
1305709
256453
1004551
591993
1427999
730909
669775
657431
952034
782331
1184836
620657
1277819
601715
638088
936295
1114846
555766
588775
1085699
384858
719987
597863
1434976
594035
910563
525648
598387
538769
622835
804259
1281116
801695
564284
526866
699781
539549
788276
870477
1055946
611234
547781
701278
671980
872257
1123890
751255
1335586
873353
1180349
818754
1003486
344860
1343516
793276
695527
929698
616152
795577
438681
1162777
880081
425903
506031
791386
1148056
1202865
1022185
437970
1258678
922760
1034400
1888270
758881
841477
583758
804635
575429
767823
1088121
688514
505615
650455
722618
1058637
590534
410514
794234
625140
1406887
688236
785966
626263
743035
637708
625162
1057799
505686
542565
577623
406691
411638
533821
920159
693598
845797
528385
348219
1309479
852265
438694
992895
1501706
552309
524795
591629
850439
731422
714847
520102
977015
716915
832906
540775
728815
516996
987028
570955
782427
669927
741727
1820559
1280972
1122743
535900
430091
860366
433206
741737
804550
352823
688195
561570
512087
612003
421624
649536
423087
354148
962488
863152
1097822
356100
640040
721009
678390
673050
856662
413622
572705
521536
600937
860042
507457
1017943
664893
538959
873959
873619
660728
501017
702428
785817
642951
675738
979915
677094
795314
530597
750829
713568
958691
737746
1218144
666900
735880
1293705
156869
721374
867086
1160977
500761
358734
738879
158267
710661
887261
1054199
449881
512858
660770
1215165
717990
496827
1240444
474283
654036
832852
654664
887024
513529
874145
1233713
370621
590979
907147
872169
784878
615743
639177
988140
756874
824314
430215
1013537
602263
1098797
677552
843684
1005884
870764
1112811
764437
830163
609630
744776
1033332
607837
495074
883392
1035891
513558
538476
522601
566413
504652
456440
788083
888882
751854
621171
1308324
648939
1337403
425127
426851
943871
848157
1015488
435391
1417226
837309
438232
503524
542435
899734
971029
695187
732882
728002
635337
887861
1109191
1084305
539516
1023013
771315
998523
996301
898832
1025412
771500
849128
611811
776463
422932
935866
542652
745276
716130
157084
723758
1222549
728060
840165
579495
836156
705201
432765
914400
1119500
828614
941430
862416
502053
337000
610940
516326
866617
823277
843938
423279
811656
577826
521024
696760
612194
497360
436138
418726
724470
113921
788280
689491
1107906
988301
1238278
985216
696467
114325
729246
375538
1008114
723139
589777
877823
429564
866561
746031
424341
1049725
460621
617930
1044871
776562
704185
586199
488495
628320
626933
606615
890689
1082343
640532
677538
121665
639395
958510
1033639
485030
767100
520790
596445
711315
881795
940436
906948
763087
931256
1109117
682921
825429
611352
803214
514349
534221
795026
680196
752990
678594
351653
526248
355750
512172
569735
745557
624548
1078582
381537
1188781
676249
610931
1260716
605871
894663
828365
807371
869973
662745
632730
1208541
645031
129656
611513
457991
795246
792140
373976
1378672
638764
687160
824488
599995
1235003
701766
625639
974029
818302
851453
619850
893835
1294617
1211211
614799
494636
589271
1160172
735177
624225
704247
802179
772857
926576
508629
719991
475207
1335606
927074
514023
981618
660035
1209256
786205
782958
617198
701065
624310
512969
1066881
777940
551163
605624
644071
440529
717616
641438
129010
829395
521326
858001
729333
631651
632266
605574
414668
750210
691918
707177
804866
616882
615383
748838
844640
424767
540315
422460
123837
1017268
722751
915945
450304
1306177
1223649
743367
1157227
718692
853442
1220969
519332
528394
697581
794172
892103
1618125
712370
1002781
584964
479399
712767
779791
800147
1087073
581849
901949
805047
616703
610347
718900
740481
364440
747807
768015
599407
1054026
886908
152909
531215
629822
978137
882342
636557
546047
1544767
732562
831828
775100
646807
637957
609989
1055456
625834
868106
857450
364532
769455
371624
925982
970987
665854
1212525
540263
698512
1141404
765374
713657
951719
529450
1357544
944086
1275749
601694
377786
880167
1023351
805121
861087
793065
1003767
531979
1484099
588116
647165
873817
538458
842148
957610
656000
867284
910112
688203
464480
130835
542126
541942
781031
665265
873420
619788
671553
846669
1216469
800405
969682
751235
564466
1003915
1528592
1930369
577061
906338
723505
416291
570721
622549
541726
830790
644806
981748
701270
437108
834232
524063
1192185
344994
728922
915381
990047
606180
782741
640744
630361
770651
860926
607678
624961
651327
557807
709315
869369
958060
717697
895454
356601
349937
1150603
1032214
416687
765499
408795
349517
718214
1170905
925010
955573
909172
523122
860663
442354
984310
320970
445394
540493
632059
612813
1037601
1028900
949911
396883
705023
610543
638202
792129
643310
1612206
546976
694086
882305
810912
777154
483086
654352
450897
521698
937129
411655
617330
505952
542130
808779
914927
741284
865072
511542
910256
638752
609995
723535
961218
993870
411683
461941
776670
1034586
738147
425219
755321
1013578
738805
436966
1007900
1035272
733471
1003624
827626
710241
673939
954303
809192
648453
1195136
885231
925420
1036964
627030
294320
609882
790919
1032482
353856
876970
584554
1038037
927662
995851
720610
922496
1189111
517194
792933
1053915
144185
493179
616785
618894
1272657
643758
619217
614776
522731
772966
530014
544875
886760
613917
946639
642153
826952
448950
141167
727401
714321
453328
832719
317313
680742
1436743
631312
587910
772139
649186
996210
905881
755300
828586
626475
509778
136249
518248
644716
518055
768077
744193
654669
695079
651176
620815
622283
920781
517629
991805
1306862
1757335
284769
703774
2077088
771214
883750
611239
870262
569063
640122
704645
740597
907287
611896
785096
756911
595148
570715
615684
1084355
990133
1250620
1100254
410047
1151112
536147
612882
593349
795715
619644
395260
528385
850605
930918
441773
893953
1342967
939478
449153
557961
952895
1060029
486811
693082
586639
913585
522531
1244618
1127482
1078076
665303
630461
856466
630219
839334
1047529
596257
647952
622722
422911
639196
1149748
768878
431685
543155
772670
1246253
1138715
504867
503494
740211
716286
722267
608464
734691
1053086
728791
551122
609482
668567
1035156
812619
591849
518104
726764
543962
547716
517607
669942
440225
902946
437764
456072
800265
826520
630200
637202
955395
677668
1131817
423155
516405
618351
909422
730047
1246862
1049470
667161
960594
579293
1356950
707815
809318
645881
580431
668402
888064
733493
830248
643842
795191
1131255
1084526
471104
393115
900154
1016882
906961
1053665
906532
1079835
1291155
825588
553488
698102
732875
130070
1361125
516578
772411
991207
859698
710207
680811
908782
1443962
632879
907647
1057282
1084330
1223421
1503793
577119
541875
548688
562761
1298900
629934
610102
539696
1171392
931008
757295
952513
140919
383145
392263
885952
909989
703046
678696
658685
667744
782973
1047931
384535
993004
578624
1115018
637005
1182369
552554
882341
805909
656177
1011087
875456
572653
596890
527775
1008505
583720
618718
743019
948521
631992
686110
598144
171661
626424
130979
463065
681808
545261
699298
659548
113167
502697
625912
1206004
463606
820597
506191
518466
442831
562310
719518
445066
1003093
385455
571231
638501
699011
116903
744724
636928
502114
297017
620536
908594
761280
957493
611760
901599
370007
684854
772341
1055446
696581
744685
734260
759497
1145447
736608
718830
110333
895449
670342
1339130
618511
115098
683314
885498
736813
698573
795915
811888
1107293
775331
649834
729375
648776
689707
824898
546804
489523
813805
486764
838988
339770
842498
485893
631913
670055
494355
868651
589449
1239512
513370
553460
873384
621616
104888
1380525
826514
1052164
765006
900925
421270
922202
379427
439422
729498
762319
427907
536113
447904
375041
1042976
459068
680255
863615
635185
709539
701351
823774
664651
360578
425398
513059
906857
530061
571141
325784
870998
857987
544676
777542
351332
762221
760921
104231
685500
447854
530045
881072
1015648
715299
611432
1000826
1308622
613767
438770
438116
680464
518480
531619
547606
658210
669040
925058
1229069
727770
386911
647802
530266
874726
661627
953600
813088
528320
1119310
902525
1173198
431237
731328
991185
664855
442196
606770
1327603
159765
728771
777304
416927
1116422
735228
705214
615563
431323
769125
603687
638402
532636
745588
591925
895639
841475
1126687
381955
762362
510177
580163
758990
433346
1321655
712413
903218
742302
584321
156437
326394
1059873
596376
992056
914988
684486
829767
715299
538851
547158
1241176
424598
501296
119818
625933
656703
516211
823687
504115
734311
936643
997970
913730
621860
769790
624972
410309
149501
744075
955428
885984
950970
1033318
760893
773837
608721
1042951
947317
914278
636374
1164073
633735
582640
710449
553488
1105137
639545
813518
632464
654298
1925773
1165525
609718
768707
527439
1055366
1015161
603529
931859
523521
907731
603672
1171808
877714
461739
880871
855248
416632
722842
362889
459595
733357
718855
1238065
611178
705718
1154976
527586
507249
774891
578230
551508
748410
521610
675698
621743
921865
500410
744515
584073
635997
345382
648930
548405
657556
631470
679529
402553
634355
826712
626194
1188630
580303
532602
1556669
973490
796605
117030
551809
435809
508556
837759
745039
437928
440913
1192964
849520
528344
686981
1041759
846222
628113
756130
745305
829941
1185370
867407
661613
775511
1301411
627131
1406984
529320
1201591
429895
975508
479843
733790
795877
899325
835206
1076238
532189
892624
1190549
723256
1177276
820791
578085
1234726
716953
652464
908074
1064811
630090
596007
855110
1122870
927366
745955
821933
658368
588967
752909
882384
933478
1161099
864679
643649
781276
427436
769674
752010
624728
528341
858912
1229650
778818
735372
784735
845587
618370
993148
542938
745303
1075633
500920
749224
741097
821289
1047122
568650
1678413
447692
1026301
887095
514189
799046
1018145
713496
851555
136442
856594
781174
629224
532062
751209
656118
514799
955494
600932
418159
1408890
648264
