112444781
3317056
1845570
1932628
1310003
1925384
1269246
865554
1025461
516655
1346475
718991
1599725
919021
879216
1800381
772613
769345
16233689
2672710
1491462
1446754
2058029
2325284
1200779
1427083
1770277
815509
1070788
1718085
1294908
1478954
1808572
1686168
1498994
1321595
1773739
2145979
1345449
3051639
1676335
771810
1104299
2142970
1457576
993709
820534
1531411
845960
962741
1600982
1229650
779432
1456093
968647
887927
1373897
1080224
798826
893643
1139229
949409
821843
911918
860285
1039313
1325920
1837790
1178714
982671
1476713
1505120
1027978
1119377
1002852
1630508
1729651
1262949
851591
1106586
979042
1601726
1431640
1807307
805064
728314
855315
1414250
1033068
823570
1569954
1032123
1433860
963231
846892
1038781
1747164
746184
231996
199636
263075
306646
292428
220184
297000
359730
258339
272862
229373
276537
265609
235394
201030
227959
151414
325574
169795
185925
177623
1195235
196094
427274
239343
398660
321902
307763
186524
257200
261550
205009
238368
215543
246685
302215
226849
149454
98509
211546
260591
208638
186664
374873
363018
230008
186268
164055
360945
212757
126453
234549
194371
204135
127128
171939
364388
156320
174419
96965
74953
121269
139056
106035
111839
120861
108065
131948
65644
170866
144239
180621
220991
191749
213141
184448
306736
230886
227672
126672
175846
217245
201895
143556
202708
150374
145239
190525
140511
209721
146177
197498
185723
232035
182745
183883
177618
269705
243225
204357
164672
241943
179143
272063
142040
148833
236084
157474
158441
203001
196234
201810
238172
142072
333372
129332
220531
152543
191751
282524
145444
242057
242600
173960
278263
186124
266514
224717
181301
180583
169612
137508
126257
158308
122890
252836
129564
177277
160248
116186
174730
157659
156819
120106
215427
166627
168507
147214
170821
189163
216708
84941
162196
167820
256991
140655
179979
155877
188342
249233
179209
192929
161547
197454
163797
179772
139088
235372
268301
231563
185313
147622
202268
127714
232818
175358
214176
212300
185854
204081
131120
134357
218068
72340
202614
188680
235808
178584
194136
123995
180076
165228
129181
233743
153519
216512
133279
147493
151289
174750
136673
79852
163914
205959
231356
141001
146422
178530
220161
123229
197186
195420
115480
186295
261809
187525
187290
206335
151063
221952
223796
178601
112346
110893
211039
158569
105635
170852
154114
202040
237703
192502
175320
123289
212930
153563
129567
118026
228636
137173
170444
144742
182506
131708
188134
148490
241298
109688
203497
194231
96886
167085
79896
240408
185254
72838
155200
123270
143947
215018
186582
142681
208306
278905
125572
201453
172869
78330
120024
221453
195726
151464
138900
134115
204304
198016
184950
128176
151507
193062
173462
112478
156792
157412
205250
185866
159253
200862
186962
198268
98330
170070
204550
185231
193704
283918
209339
268265
229414
267936
208861
204400
212643
145667
137159
257088
260029
251449
172992
191573
159802
279248
138315
128430
121785
137166
113098
254505
141442
118492
117799
133385
118636
240623
160002
102373
151979
318101
141638
222630
144876
131610
160814
156012
151855
232363
171737
107467
160023
138025
125047
163270
160590
97627
180420
196011
161129
121827
143433
177594
170282
148208
220749
206856
107525
248321
118583
157344
183397
80979
165693
183894
131579
166925
101779
139986
112601
181630
210079
163130
169749
70199
129884
193402
134666
160698
162143
97469
136229
89946
160776
179910
93021
127212
206714
183000
116838
69977
107138
152992
192608
151470
134046
187579
139714
140448
174338
121507
134821
114687
131138
137603
148549
190256
112282
147127
106578
162184
101618
118063
154456
195452
99428
127340
130156
178449
95690
151232
137733
111947
145228
149586
124198
72202
91340
163320
140951
97586
148597
162674
165897
182550
130627
138471
199721
170381
175731
120546
137069
129015
99264
89816
175676
145425
65072
160310
134502
151854
112097
75784
153381
84546
143418
117636
206402
73240
74473
127397
109131
228987
111836
153972
138234
144209
107376
151303
216104
148850
162212
95676
133571
134703
188036
177594
100514
174277
92934
90615
123942
112478
122123
573120
148702
152337
131362
149173
119105
156371
168401
102423
99277
202713
134248
71089
82379
104700
88004
125307
144581
155802
130787
173304
110816
135247
125145
163479
151708
111765
179499
158210
85407
131960
153892
103592
140778
177450
131014
124297
157769
87816
76580
214115
128332
131097
157508
166894
172883
137096
167227
179177
694027
132087
124579
153130
88804
132367
153151
209032
119176
172278
152365
79221
143365
140632
94103
123874
125489
100222
85860
106464
228849
100934
200496
125332
163893
169515
121468
139744
156596
214387
145261
160726
100739
225292
158930
185262
127500
113467
139831
240508
196851
123305
139438
132546
90218
173388
121327
151159
134741
96131
96017
64831
170907
66863
117822
210876
138540
180832
140614
125728
135341
134641
890042
127771
159524
112536
69263
129139
144459
92802
136287
153916
149267
155113
104892
90627
111133
129705
155476
141806
159114
148165
137420
130527
64580
128888
159917
124252
137031
136072
147084
115230
165862
192266
128078
157086
106613
170656
109593
163353
160718
114775
108630
188074
147795
109780
151040
101013
135289
137304
132377
137455
148434
177285
98459
129663
103139
175785
147811
135643
133487
92087
104987
125406
113603
147871
88787
130404
75298
175111
139915
135932
181054
167884
181767
134868
65013
150712
45979
116160
91437
122693
112048
96034
83278
71331
189372
144768
123238
96570
173203
162338
87401
164074
145409
81736
144507
42579
143477
139163
99091
163914
135905
156139
169875
89335
169195
156536
116188
116146
108363
146891
107142
141693
207010
126572
118639
173888
130487
91046
111210
117433
126667
117931
108092
115888
131822
134646
83844
139807
291152
133061
106806
188385
116978
227121
134596
132987
172314
143354
113499
113955
124626
141661
193759
100201
134730
122284
161757
116380
132739
150099
139892
86176
109489
89387
113840
150515
145713
78545
158866
157937
104847
160890
106765
103538
118492
150827
145947
124363
122475
115496
112788
160294
97383
153061
92325
113312
198976
204957
94238
131075
112821
245913
83681
98514
121359
99065
99537
131501
154214
112169
81961
109749
87930
156246
137778
141379
154562
194449
103966
164716
114862
121233
134601
118357
94377
82660
141806
137987
89810
79155
98093
89870
79267
213556
145961
127592
141002
145894
96786
118119
123799
188762
122380
115241
92727
132278
137696
106136
102577
137061
136461
134132
103498
137071
143746
115854
142574
125641
142197
155901
127796
148861
103325
200453
138866
107586
135021
112084
129218
88621
91294
135625
103561
154941
137468
136900
120949
74566
178187
127833
132499
116311
770535
204582
185955
131359
149702
206398
166982
151024
221067
161880
133897
110777
204341
142580
124689
155778
152608
134042
135929
204494
206172
96528
151392
93904
183913
154162
164122
146549
132526
120538
224969
165092
167335
176292
155019
140617
122903
180341
178774
148613
113963
93723
146915
144694
158080
110534
159611
107653
115018
164598
135496
120089
96007
202135
106183
147087
154647
97743
110960
174085
96284
160785
155228
101185
156239
195361
121845
152528
121399
133221
116661
124811
144799
131046
158742
140157
171264
142932
72975
154975
101691
170252
102683
121618
135996
169152
122164
133923
128849
149657
171382
123591
180608
201613
111253
166284
98551
160123
129610
159714
114028
159313
144308
167714
150798
138482
144700
137918
90575
114929
135266
137676
175710
153181
123648
93404
102757
177444
162321
163995
121742
146207
192603
171877
108534
196718
164652
161949
198143
119351
168173
140667
105699
152266
187087
111028
144391
177241
156513
182980
185851
192702
134632
154360
102259
178442
131719
163228
92431
147931
132524
126835
151367
156884
104567
92291
105370
95994
119677
114625
102231
173784
219724
99188
136333
166695
135373
131941
177271
121715
125342
92540
191264
174641
157043
69076
137775
162225
125225
104071
193032
113739
192395
118366
120800
128280
191353
175686
104364
188392
121536
183761
153095
120271
152417
151149
180337
137419
143140
240154
137900
95299
163618
196535
164542
647565
174673
171284
143312
131539
167150
111670
217833
172327
146641
227411
153997
85827
182765
126317
165127
147778
134760
151534
124735
398811
12480708
189008
210956
222614
243820
113954
165288
172035
159193
262403
195993
228925
221924
104496
157456
167918
165345
128644
91836
212159
247636
129347
140738
157890
190191
171234
141348
156686
216802
179385
201860
188794
223744
131351
150858
213168
195561
202495
203751
145369
243962
159767
113579
154526
134188
138773
139614
148831
227902
233118
184189
124956
182988
169020
140196
141603
192223
193790
245902
143275
200529
236591
219497
153342
168143
165965
155435
208786
258275
135413
91358
145233
195551
96839
201061
165037
163419
244982
188100
134739
248880
178384
174316
187736
212777
284218
214307
208168
141107
194990
191714
182860
140447
111448
200557
192324
146951
204824
132481
190156
158654
133942
142765
195153
143589
134387
205903
241902
168871
162174
116690
190663
163788
181251
131044
124968
939526
239321
218175
165274
284724
164432
153100
221762
286896
135821
202293
163687
183046
305217
206500
111884
169406
170979
195735
134931
251101
93869
117553
209009
192410
171134
156182
165029
228369
132952
227471
189110
131726
227411
202044
129068
192121
217449
168861
191493
160764
272302
193327
199967
115925
142032
120075
130554
184368
204023
287857
146813
151345
120103
123945
138432
115090
179124
170191
679685
189855
165346
117623
152728
160177
175807
100346
161459
213757
174862
132763
137137
168141
124822
103419
161209
137592
140104
109656
1737773
116578
203212
196400
148283
147021
164813
165734
139283
157532
148874
196311
152015
84289
152555
5605864
634110
166554
334253
164079
157429
132134
2955901
137723
132399
150359
115956
94001
147654
150535
4275025
180350
127000
127617
133755
224047
167151
138435
4320313
170874
163002
124016
217110
150657
174916
4280590
213720
127768
212529
105107
187122
145200
191385
195252
114759
140162
173355
127134
109533
198015
118513
170294
148872
123039
172869
122137
143844
92722
125489
140549
141695
158363
221623
177471
96149
168714
162986
165722
93454
129939
142851
144837
172254
126663
158988
85746
138946
130828
148201
136692
156732
200049
134775
137322
172759
123576
151952
60244
213622
133819
123643
162001
210961
139211
157843
162799
183875
125174
144970
147345
92193
163220
143320
130926
186247
135271
165897
190479
182576
144402
154026
190471
129985
160820
143681
118154
184710
82731
171782
194020
112384
104392
118733
141142
225801
142831
169913
161850
122011
100051
146497
132689
143342
148331
170854
102825
163252
94760
127929
112258
118809
185652
136022
134718
68162
149106
169077
189201
151661
141098
162307
131077
128159
153706
135561
148997
158334
152909
97464
168145
141371
117693
161599
145040
168122
109644
164550
147912
134243
171985
97223
174675
138015
131610
159178
92086
115363
93965
130775
178758
128946
190168
96574
162501
121156
155821
242360
136423
161404
140694
134341
250279
86546
90901
147865
114270
138214
107476
181544
133572
181533
211552
161718
199604
144502
328601
124658
199807
189269
106167
79270
134445
159005
160832
137854
140519
151848
130574
125351
142135
83288
161760
198935
154872
92792
163525
137215
165110
151567
128124
108298
169682
154428
152892
113284
99057
105889
83342
136288
206555
93202
119356
119104
168589
146198
100950
169117
124482
134375
91118
115969
110557
144596
116707
161778
135671
187796
177146
89705
129626
96576
103878
121747
162709
104784
137693
99749
95286
194378
108302
174427
112938
129826
156097
138914
147049
148689
140835
133978
124713
158864
